

[10, 0.8, 4, 'Simple', 0.0, 0.69]
[10, 0.8, 4, 'Expander', 0.0, 0.56]
[10, 0.8, 4, 'FirstCoordExpander', 0.0, 0.66]
[10, 0.8, 4, 'Fresh', 0.0, 0.8]
[10, 0.8, 4, 'Frozen', 0.0, 0.4]

[10, 0.8, 5, 'Simple', 0.0, 0.59]
[10, 0.8, 5, 'Expander', 0.0, 0.51]
[10, 0.8, 5, 'FirstCoordExpander', 0.0, 0.61]
[10, 0.8, 5, 'Fresh', 0.0, 0.84]
[10, 0.8, 5, 'Frozen', 0.0, 0.14]

[10, 0.8, 6, 'Simple', 0.0, 0.5]
[10, 0.8, 6, 'Expander', 0.0, 0.29]
[10, 0.8, 6, 'FirstCoordExpander', 0.0, 0.55]
[10, 0.8, 6, 'Fresh', 0.0, 0.83]
[10, 0.8, 6, 'Frozen', 0.0, 0.05]

[10, 0.8, 7, 'Simple', 0.0, 0.3]
[10, 0.8, 7, 'Expander', 0.0, 0.24]
[10, 0.8, 7, 'FirstCoordExpander', 0.0, 0.46]
[10, 0.8, 7, 'Fresh', 0.0, 0.77]
[10, 0.8, 7, 'Frozen', 0.0, 0.0]

[10, 0.8, 8, 'Simple', 0.0, 0.23]
[10, 0.8, 8, 'Expander', 0.0, 0.2]
[10, 0.8, 8, 'FirstCoordExpander', 0.0, 0.39]
[10, 0.8, 8, 'Fresh', 0.0, 0.84]
